{
 "metadata": {
  "name": "",
  "signature": "sha256:7109859bd0c52ca5608aafef73895fa37702a5c55bb4f700c4b94df49fa342c8"
 },
 "nbformat": 3,
 "nbformat_minor": 0,
 "worksheets": [
  {
   "cells": [
    {
     "cell_type": "code",
     "collapsed": false,
     "input": [
      "import pandas as pd\n",
      "import numpy as np\n",
      "df = pd.read_csv('./NumericDataAnalysis.txt', header=None)\n",
      "df"
     ],
     "language": "python",
     "metadata": {},
     "outputs": [
      {
       "output_type": "stream",
       "stream": "stdout",
       "text": [
        "Overwriting ./data_loader.py\n"
       ]
      }
     ],
     "prompt_number": 2
    },
    {
     "cell_type": "code",
     "collapsed": false,
     "input": [
      "%pycat ./data_loader.py"
     ],
     "language": "python",
     "metadata": {},
     "outputs": [],
     "prompt_number": 17
    },
    {
     "cell_type": "code",
     "collapsed": false,
     "input": [
      "%load -s load_data data_loader.py"
     ],
     "language": "python",
     "metadata": {},
     "outputs": [],
     "prompt_number": 14
    },
    {
     "cell_type": "code",
     "collapsed": false,
     "input": [
      "def load_data():\n",
      "    df = pd.read_csv('./NumericDataAnalysis.txt', header=None)\n",
      "    return df"
     ],
     "language": "python",
     "metadata": {},
     "outputs": []
    },
    {
     "cell_type": "code",
     "collapsed": false,
     "input": [
      "%%writefile ./data_loader.py\n",
      "import pandas as pd\n",
      "import numpy as np\n",
      "def load_data():\n",
      "    df = pd.read_csv('./NumericDataAnalysis.txt', header=None)\n",
      "    return df"
     ],
     "language": "python",
     "metadata": {},
     "outputs": [
      {
       "output_type": "stream",
       "stream": "stdout",
       "text": [
        "Overwriting ./data_loader.py\n"
       ]
      }
     ],
     "prompt_number": 5
    },
    {
     "cell_type": "code",
     "collapsed": false,
     "input": [
      "from data_loader import load_data"
     ],
     "language": "python",
     "metadata": {},
     "outputs": [],
     "prompt_number": 6
    },
    {
     "cell_type": "code",
     "collapsed": false,
     "input": [
      "df = load_data()"
     ],
     "language": "python",
     "metadata": {},
     "outputs": [],
     "prompt_number": 7
    },
    {
     "cell_type": "code",
     "collapsed": false,
     "input": [
      "arr = df.values[:,0:-1] # remove last column"
     ],
     "language": "python",
     "metadata": {},
     "outputs": [],
     "prompt_number": 4
    },
    {
     "cell_type": "code",
     "collapsed": false,
     "input": [
      "n,d = shape(arr)"
     ],
     "language": "python",
     "metadata": {},
     "outputs": [],
     "prompt_number": 5
    },
    {
     "cell_type": "code",
     "collapsed": false,
     "input": [
      "n,d"
     ],
     "language": "python",
     "metadata": {},
     "outputs": [
      {
       "metadata": {},
       "output_type": "pyout",
       "prompt_number": 6,
       "text": [
        "(19020, 10)"
       ]
      }
     ],
     "prompt_number": 6
    },
    {
     "cell_type": "markdown",
     "metadata": {},
     "source": [
      "$$n \\times d = 19020 \\times 10$$"
     ]
    },
    {
     "cell_type": "code",
     "collapsed": false,
     "input": [
      "arr[0,:]"
     ],
     "language": "python",
     "metadata": {},
     "outputs": [
      {
       "metadata": {},
       "output_type": "pyout",
       "prompt_number": 7,
       "text": [
        "array([28.7967, 16.0021, 2.6449, 0.3918, 0.1982, 27.7004, 22.011, -8.2027,\n",
        "       40.092, 81.8828], dtype=object)"
       ]
      }
     ],
     "prompt_number": 7
    },
    {
     "cell_type": "heading",
     "level": 3,
     "metadata": {},
     "source": [
      "1. Compute the multivariate mean vector"
     ]
    },
    {
     "cell_type": "code",
     "collapsed": false,
     "input": [
      "m = mean(arr, axis=0)"
     ],
     "language": "python",
     "metadata": {},
     "outputs": [],
     "prompt_number": 8
    },
    {
     "cell_type": "code",
     "collapsed": false,
     "input": [
      "m.astype(float)"
     ],
     "language": "python",
     "metadata": {},
     "outputs": [
      {
       "metadata": {},
       "output_type": "pyout",
       "prompt_number": 9,
       "text": [
        "array([  53.25015393,   22.18096622,    2.82501696,    0.38032707,\n",
        "          0.21465713,   -4.33174516,   10.54554482,    0.24972596,\n",
        "         27.64570668,  193.81802647])"
       ]
      }
     ],
     "prompt_number": 9
    },
    {
     "cell_type": "markdown",
     "metadata": {},
     "source": [
      "$$\\usepackage{dsfont}\n",
      "\\mathds{R}$$"
     ]
    },
    {
     "cell_type": "code",
     "collapsed": false,
     "input": [
      "from IPython.display import Latex\n",
      "Latex(r\"\"\"\n",
      "\\usepackage{dsfont}\n",
      "\\mathds{R}\n",
      "\"\"\")"
     ],
     "language": "python",
     "metadata": {},
     "outputs": [
      {
       "latex": [
        "\n",
        "\\usepackage{dsfont}\n",
        "\\mathds{R}\n"
       ],
       "metadata": {},
       "output_type": "pyout",
       "prompt_number": 11,
       "text": [
        "<IPython.core.display.Latex at 0x7ff239dc9ed0>"
       ]
      }
     ],
     "prompt_number": 11
    },
    {
     "cell_type": "code",
     "collapsed": false,
     "input": [
      "len(m) # compute the column-wise mean"
     ],
     "language": "python",
     "metadata": {},
     "outputs": [
      {
       "metadata": {},
       "output_type": "pyout",
       "prompt_number": 10,
       "text": [
        "10"
       ]
      }
     ],
     "prompt_number": 10
    },
    {
     "cell_type": "code",
     "collapsed": false,
     "input": [
      "m"
     ],
     "language": "python",
     "metadata": {},
     "outputs": [
      {
       "metadata": {},
       "output_type": "pyout",
       "prompt_number": 11,
       "text": [
        "array([53.25015392744498, 22.180966219768596, 2.8250169610935822,\n",
        "       0.38032707150367767, 0.21465713459516267, -4.331745157728707,\n",
        "       10.545544815983238, 0.2497259568874858, 27.645706677181977,\n",
        "       193.81802646687703], dtype=object)"
       ]
      }
     ],
     "prompt_number": 11
    },
    {
     "cell_type": "heading",
     "level": 2,
     "metadata": {},
     "source": [
      "2. Compute the sample covariance matrix as inner products between the columns of the centered data matrix (see Eq. (2.30) in chapter 2)."
     ]
    },
    {
     "cell_type": "heading",
     "level": 3,
     "metadata": {},
     "source": [
      "Compute the centered data matrix"
     ]
    },
    {
     "cell_type": "markdown",
     "metadata": {},
     "source": [
      "Compute the multivariate mean vector\n",
      "* Two ways of computing the mean\n",
      "* row-wise\n",
      "* column-wise"
     ]
    },
    {
     "cell_type": "code",
     "collapsed": false,
     "input": [
      "mean_matrix = ones((n,1))*m"
     ],
     "language": "python",
     "metadata": {},
     "outputs": [],
     "prompt_number": 12
    },
    {
     "cell_type": "code",
     "collapsed": false,
     "input": [
      "centered_matrix = arr - mean_matrix"
     ],
     "language": "python",
     "metadata": {},
     "outputs": [],
     "prompt_number": 13
    },
    {
     "cell_type": "markdown",
     "metadata": {},
     "source": [
      "Inner product"
     ]
    },
    {
     "cell_type": "code",
     "collapsed": false,
     "input": [
      "shape(dot(centered_matrix.transpose(), centered_matrix))"
     ],
     "language": "python",
     "metadata": {},
     "outputs": [
      {
       "metadata": {},
       "output_type": "pyout",
       "prompt_number": 14,
       "text": [
        "(10, 10)"
       ]
      }
     ],
     "prompt_number": 14
    },
    {
     "cell_type": "code",
     "collapsed": false,
     "input": [
      "sample_cov_matrix_inner_prod = (1.0/n)*dot(centered_matrix.transpose(), centered_matrix)"
     ],
     "language": "python",
     "metadata": {},
     "outputs": [],
     "prompt_number": 15
    },
    {
     "cell_type": "code",
     "collapsed": true,
     "input": [
      "sample_cov_matrix_inner_prod"
     ],
     "language": "python",
     "metadata": {},
     "outputs": [
      {
       "metadata": {},
       "output_type": "pyout",
       "prompt_number": 48,
       "text": [
        "array([[1794.6865714995756, 598.83205617475, 14.06348988329148,\n",
        "        -4.886737831342653, -2.8002330683702925, -924.3854997097313,\n",
        "        -258.7135517382407, 11.813386617108616, -9.706307263223081,\n",
        "        1324.7944745035556],\n",
        "       [598.83205617475, 336.5600856115961, 6.220774673539292,\n",
        "        -2.0450293268557593, -1.1781644639080509, -289.9571002130384,\n",
        "        -164.885064435074, 15.185288441983532, 31.63503049690377,\n",
        "        461.7619214060047],\n",
        "       [14.06348988329148, 6.220774673539292, 0.22333773986794803,\n",
        "        -0.07350721460111825, -0.04224101079503783, -4.472842968199893,\n",
        "        2.2934139534606954, 0.1521133389077971, -2.30280375956013,\n",
        "        15.434655772960589],\n",
        "       [-4.886737831342653, -2.0450293268557593, -0.07350721460111825,\n",
        "        0.03341888966513585, 0.019725242519526655, 1.215131001881267,\n",
        "        -1.1364677533841143, -0.043000239989758125, 1.1226784856446914,\n",
        "        -4.485424694714395],\n",
        "       [-2.8002330683702925, -1.1781644639080509, -0.04224101079503783,\n",
        "        0.019725242519526655, 0.01221199457948649, 0.6552982287430573,\n",
        "        -0.6693539515626499, -0.025237727723309563, 0.6628723256768606,\n",
        "        -2.5156622619290903],\n",
        "       [-924.3854997097313, -289.9571002130384, -4.472842968199893,\n",
        "        1.215131001881267, 0.6552982287430573, 3505.173477221857,\n",
        "        827.4392409168258, 3.1477653582525384, -86.06182471751194,\n",
        "        -914.642630570306],\n",
        "       [-258.7135517382407, -164.885064435074, 2.2934139534606954,\n",
        "        -1.1364677533841143, -0.6693539515626499, 827.4392409168258,\n",
        "        2600.8752860087698, -18.265400212603883, -247.97204187461918,\n",
        "        141.10773590484303],\n",
        "       [11.813386617108616, 15.185288441983532, 0.1521133389077971,\n",
        "        -0.043000239989758125, -0.025237727723309563, 3.1477653582525384,\n",
        "        -18.265400212603883, 433.75940646470826, 2.5329010643235232,\n",
        "        17.784262807152214],\n",
        "       [-9.706307263223081, 31.63503049690377, -2.30280375956013,\n",
        "        1.1226784856446914, 0.6628723256768606, -86.06182471751194,\n",
        "        -247.97204187461918, 2.5329010643235232, 681.3631783542749,\n",
        "        -430.2306258145109],\n",
        "       [1324.7944745035556, 461.7619214060047, 15.434655772960589,\n",
        "        -4.485424694714395, -2.5156622619290903, -914.642630570306,\n",
        "        141.10773590484303, 17.784262807152214, -430.2306258145109,\n",
        "        5584.54635284141]], dtype=object)"
       ]
      }
     ],
     "prompt_number": 48
    },
    {
     "cell_type": "code",
     "collapsed": true,
     "input": [
      "shape(sample_cov_matrix_inner_prod)"
     ],
     "language": "python",
     "metadata": {},
     "outputs": [
      {
       "metadata": {},
       "output_type": "pyout",
       "prompt_number": 39,
       "text": [
        "(10, 10)"
       ]
      }
     ],
     "prompt_number": 39
    },
    {
     "cell_type": "markdown",
     "metadata": {},
     "source": [
      "Outer product"
     ]
    },
    {
     "cell_type": "code",
     "collapsed": false,
     "input": [
      "cov = 0\n",
      "for i in range(n):\n",
      "    cov += dot(arr[i,:].reshape((10,1)),arr[i,:].reshape((1,10)))\n",
      "    \n",
      "cov = ((1.0)/n)*cov"
     ],
     "language": "python",
     "metadata": {},
     "outputs": [],
     "prompt_number": 16
    },
    {
     "cell_type": "code",
     "collapsed": false,
     "input": [
      "shape(cov)"
     ],
     "language": "python",
     "metadata": {},
     "outputs": [
      {
       "metadata": {},
       "output_type": "pyout",
       "prompt_number": 17,
       "text": [
        "(10, 10)"
       ]
      }
     ],
     "prompt_number": 17
    },
    {
     "cell_type": "code",
     "collapsed": true,
     "input": [
      "cov"
     ],
     "language": "python",
     "metadata": {},
     "outputs": [
      {
       "metadata": {},
       "output_type": "pyout",
       "prompt_number": 18,
       "text": [
        "array([[4630.265464796168, 1779.971921636886, 164.49607790916608,\n",
        "        15.365737269002697, 8.630292390446378, -1155.0515961332464,\n",
        "        302.83833296162686, 25.111332261045742, 1462.4318287297049,\n",
        "        11645.634217778354],\n",
        "       [1779.971921636886, 828.5553480541153, 68.88238045782951,\n",
        "        6.390992598630928, 3.583138187379599, -386.03939322926374,\n",
        "        69.02530889730764, 20.724451455904337, 644.8435164251092,\n",
        "        4760.833019250046],\n",
        "       [164.49607790916608, 68.88238045782951, 8.204058570334393,\n",
        "        1.00092321315983, 0.5641690352560425, -16.710096509918476,\n",
        "        32.08475692258564, 0.8575934027402738, 75.79678650489713,\n",
        "        562.9738679075721],\n",
        "       [15.365737269002697, 6.390992598630928, 1.00092321315983,\n",
        "        0.1780675709837012, 0.10136516189747635, -0.4323489484579375,\n",
        "        2.874288423889593, 0.05197730187171391, 11.637089145827034,\n",
        "        69.22881771605532],\n",
        "       [8.630292390446378, 3.583138187379599, 0.5641690352560425,\n",
        "        0.10136516189747635, 0.05828968001209269, -0.2745417746114617,\n",
        "        1.5943224813811725, 0.028367730616193628, 6.5972205048590995,\n",
        "        39.08875993234042],\n",
        "       [-1155.0515961332464, -386.03939322926374, -16.710096509918476,\n",
        "        -0.4323489484579375, -0.2745417746114617, 3523.937493333365,\n",
        "        781.758628224577, 2.066016153746013, -205.8159807483832,\n",
        "        -1754.2129281987386],\n",
        "       [302.83833296162686, 69.02530889730764, 32.08475692258564,\n",
        "        2.874288423889593, 1.5943224813811725, 781.758628224577,\n",
        "        2712.0838014746755, -15.631903942532645, 43.56699685912965,\n",
        "        2185.0244201567134],\n",
        "       [25.111332261045742, 20.724451455904337, 0.8575934027402738,\n",
        "        0.05197730187171391, 0.028367730616193628, 2.066016153746013,\n",
        "        -15.631903942532645, 433.821769518252, 9.436751618113538,\n",
        "        66.1856549286373],\n",
        "       [1462.4318287297049, 644.8435164251092, 75.79678650489713,\n",
        "        11.637089145827034, 6.5972205048590995, -205.8159807483832,\n",
        "        43.56699685912965, 9.436751618113538, 1445.648276035059,\n",
        "        4928.005682639046],\n",
        "       [11645.634217778354, 4760.833019250046, 562.9738679075721,\n",
        "        69.22881771605532, 39.08875993234042, -1754.2129281987386,\n",
        "        2185.0244201567134, 66.1856549286373, 4928.005682639046,\n",
        "        43149.973736356835]], dtype=object)"
       ]
      }
     ],
     "prompt_number": 18
    },
    {
     "cell_type": "heading",
     "level": 3,
     "metadata": {},
     "source": [
      "4. Compute the correlation between Attributes 1 and 2 by computing the cosine of the angle between the centered attribute vectors. Plot the scatter plot between these two attributes."
     ]
    },
    {
     "cell_type": "code",
     "collapsed": false,
     "input": [
      "attribute_1 = centered_matrix[:,0].reshape(n,1)\n",
      "attribute_2 = centered_matrix[:,1].reshape(n,1)"
     ],
     "language": "python",
     "metadata": {},
     "outputs": [],
     "prompt_number": 24
    },
    {
     "cell_type": "code",
     "collapsed": false,
     "input": [
      "cos_phi = dot(attribute_1.transpose()/norm(attribute_1),attribute_2/norm(attribute_2))\n",
      "shape(attribute_1)"
     ],
     "language": "python",
     "metadata": {},
     "outputs": [],
     "prompt_number": 30
    },
    {
     "cell_type": "code",
     "collapsed": false,
     "input": [
      "cos_phi"
     ],
     "language": "python",
     "metadata": {},
     "outputs": [
      {
       "metadata": {},
       "output_type": "pyout",
       "prompt_number": 33,
       "text": [
        "array([[0.7705120396837163]], dtype=object)"
       ]
      }
     ],
     "prompt_number": 33
    },
    {
     "cell_type": "code",
     "collapsed": false,
     "input": [
      "np.arccos(cos_phi.flatten().astype('float'))"
     ],
     "language": "python",
     "metadata": {},
     "outputs": [
      {
       "metadata": {},
       "output_type": "pyout",
       "prompt_number": 34,
       "text": [
        "array([ 0.69115227])"
       ]
      }
     ],
     "prompt_number": 34
    },
    {
     "cell_type": "heading",
     "level": 3,
     "metadata": {},
     "source": [
      "5. Assuming that Attribute 1 is normally distributed, plot its probability density function."
     ]
    },
    {
     "cell_type": "code",
     "collapsed": false,
     "input": [
      "shape(attribute_1)"
     ],
     "language": "python",
     "metadata": {},
     "outputs": [
      {
       "metadata": {},
       "output_type": "pyout",
       "prompt_number": 9,
       "text": [
        "(19020,)"
       ]
      }
     ],
     "prompt_number": 9
    },
    {
     "cell_type": "code",
     "collapsed": false,
     "input": [
      "the_mean = mean(attribute_1)"
     ],
     "language": "python",
     "metadata": {},
     "outputs": [],
     "prompt_number": 10
    },
    {
     "cell_type": "code",
     "collapsed": false,
     "input": [
      "std(attribute_1)"
     ],
     "language": "python",
     "metadata": {},
     "outputs": [
      {
       "metadata": {},
       "output_type": "pyout",
       "prompt_number": 11,
       "text": [
        "42.363741235867913"
       ]
      }
     ],
     "prompt_number": 11
    },
    {
     "cell_type": "code",
     "collapsed": false,
     "input": [
      "min(attribute_1)"
     ],
     "language": "python",
     "metadata": {},
     "outputs": [
      {
       "metadata": {},
       "output_type": "pyout",
       "prompt_number": 12,
       "text": [
        "4.2835"
       ]
      }
     ],
     "prompt_number": 12
    },
    {
     "cell_type": "code",
     "collapsed": false,
     "input": [
      "max(attribute_1)"
     ],
     "language": "python",
     "metadata": {},
     "outputs": [
      {
       "metadata": {},
       "output_type": "pyout",
       "prompt_number": 13,
       "text": [
        "334.17699999999996"
       ]
      }
     ],
     "prompt_number": 13
    },
    {
     "cell_type": "code",
     "collapsed": false,
     "input": [
      "from scipy.stats import norm"
     ],
     "language": "python",
     "metadata": {},
     "outputs": [],
     "prompt_number": 14
    },
    {
     "cell_type": "code",
     "collapsed": false,
     "input": [
      "x=linspace(-100+the_mean,100+the_mean,400)"
     ],
     "language": "python",
     "metadata": {},
     "outputs": [],
     "prompt_number": 15
    },
    {
     "cell_type": "code",
     "collapsed": false,
     "input": [
      "plot(x,norm.pdf(x,loc=mean(attribute_1), scale=std(attribute_1)))"
     ],
     "language": "python",
     "metadata": {},
     "outputs": [
      {
       "metadata": {},
       "output_type": "pyout",
       "prompt_number": 16,
       "text": [
        "[<matplotlib.lines.Line2D at 0x7fa47cb86f50>]"
       ]
      },
      {
       "metadata": {},
       "output_type": "display_data",
       "png": "iVBORw0KGgoAAAANSUhEUgAAAYUAAAEACAYAAABcXmojAAAABHNCSVQICAgIfAhkiAAAAAlwSFlz\nAAALEgAACxIB0t1+/AAAIABJREFUeJzt3Xl4VOXZx/Eve5FSFkFZREELClqVRUBFDQIKiIArYHFB\nLbQKLlgFpEra+hZEQdkKiKgguGARioIgKKFQkUWUfV9UUHFFEBUTMu8f94SkIclMkpl5zpzz+1zX\nXLOdk7lnMnPu8+wgIiIiIiIiIiIiIiIiIiIiIiIiIiISd+2BLcB2YEA+24wOP78WaJzj8eeA/cD6\nXNtXBRYC24C3gcoxjFdEROKkFLADqAuUAT4CGubapiMwL3y7BfB+jucuwZJE7qQwHHgofHsAMCxm\nEYuISNxcCMzPcX9g+JLTBKBbjvtbgBo57tfl+KSwBTg5fLtG+L6IiDhWMsLztYFPc9zfG36ssNvk\ndjJWrUT4+uQCthURkQSJlBRCUf6dEkXcL2vbwmwvIiJxUjrC8/uAOjnu18FKAgVtc0r4sYLsx6qN\nvgBqAl/mtdEZZ5wR2rlzZ4Q/JSIiuewEfluUHSOVFFYD9bF2gbJY28GcXNvMAW4J324JHCC7aig/\nc4Bbw7dvBWbntdHOnTsJhUK6hEIMGTLEeQxeueiz0Gehz6LgC3BGhGNwviIlhQygL7AA2AS8CmwG\n+oQvYD2PdmG9lCYCd+XY/2XgPaAB1u7QK/z4MKAd1iX1ctT7SETEEyJVHwG8Fb7kNDHX/b757Nsj\nn8e/BdpG8doiIpJAkUoK4hEpKSmuQ/AMfRbZ9Flk02cRG7l7DXlNKFw/JiIiUSpRogQU8fiukoKI\niByjpCAiIscoKYiIyDFKCiIicoySgoiIHKOkICIix0QzeE3EE9LTYeVKePddWLcOdu2CgwftucqV\n4fTT4bzzoE0baNYMSpVyG69IMtI4BfG8XbtgwgSYOhVq1oS2be2gX68eVKkCoRB8951tt2oVLFwI\n334LvXpBnz5Qp07k1xDxk+KMU1BSEM/atw/+9jeYORNuvx3uvBMaNIhu3w0bYNIkmDYNevaEwYPh\npJPiG6+IV2jwmvhKZiaMHw/nn2/VQlu3wvDh0ScEgHPOgVGjYNOm7PtTplipQkTyp5KCeMqXX8JN\nN8HhwzB5MjRqFJu/++GHcMcdcMoplhyqVInN3xXxIpUUxBeWL4emTaFlS1i2LHYJAaBxY3j/fWuM\nbtrUkoSIHE8lBfGE11+HP/4RnnsOOnWK72vNmAF3323tDVdeGd/XEnFBDc2S1CZOtAblN9+0M/pE\n+O9/4dprYeRI+P3vE/OaIolSnKSgcQri1KRJ8I9/wNKlVrWTKBdfDIsXQ7t21vjcs2fiXlvEy5QU\nxJkpU+Cvf7WDcyITQpZGjWxMQ9u2ULo0dO+e+BhEvEbVR+LErFlWr//OO9CwodtY1q+3UdCvvgqt\nW7uNRSQW1KYgSWX1aujQAebPt55AXvDuu9Cjh12ffbbraESKR11SJWns3Qtdu8Izz3gnIQBcfjmM\nGAFXXQVffOE6GhF3VFKQhPnxR2jVCrp1gwEDXEeTtyFDIC0NFi2CMmVcRyNSNKo+kqRwxx3w008w\nfTqU8Og3LzPTSgtnnw1PPuk6GpGiUZdU8bwpU+C992wWU68mBICSJW1QW7NmNrL6+utdRySSWB7+\neQIqKfjChg3Wq2fxYpuYLhl88AG0bw8rVrjpLitSHGpoFs/6+Wfr/z98ePIkBLBG8EGD4JZbICPD\ndTQiiaOkIHH1yCNw1llw222uIym8++6DcuXg8cddRyKSOKo+krhZutR6Gq1dC9Wru46maPbutVLD\n3LnWziCSDFR9JJ5z6BDceqsto5msCQFs/YVRo6wa6cgR19GIxJ9KChIX/frBDz/A88+7jqT4QiG4\n5ho47zybq0nE6zROQTxl5Uro0gU2boSqVV1HExv79tnyoMnUg0qCS9VH4hkZGdC7tw388ktCAKhd\nGx57DO68E44edR2NSPwoKUhMjRoFJ51k6yz7zR/+YL2R/vlP15GIxI+qjyRm9uyxHjorVsAZZ7iO\nJj42boSUFLs+6STX0YjkTW0K4gmdO0OLFjB4sOtI4qt/fzh4EJ591nUkInlTUhDnFiyAvn3tDLps\nWdfRxNf339vCQLNnQ/PmrqMROV68G5rbA1uA7UB+Ex6PDj+/Fsi59Hp++zYHVgIfAquACwoVtXhK\nejrcf7+tR+D3hABQqRIMG2Yrx2Vmuo5GJLYiJYVSwFjs4N4I6AHkXjyxI/BboD7QGxgfxb7DgUew\nBPJo+L4kqQkTbJDX1Ve7jiRxeva0BPjcc64jEYmtSEmhObAD2AOkA68AXXJt0xmYEr69AqgM1Iiw\n7+dApfDtysC+IsYvjn3zDfz97/DUU96eEjvWSpaEMWNsbqdDh1xHIxI7kZJCbeDTHPf3hh+LZpta\nBew7EBgBfAI8AQwqVNTiGUOGwI03BnNd4yZNoF07eOIJ15GIxE6kRXaibeUt7DniZOAeYBZwA/Ac\n0C6vDVNTU4/dTklJISUlpZAvJfGyeTO8+ips2eI6EnceewwaN4Y+fWyAm4gLaWlppKWlxeRvRTqY\ntwRSsXYBsDP6TCDnZMITgDSsegisYfkyoF4B+x4EfpMjhgNkVyflpN5HHnbttXDhhfDgg64jcWvg\nQPjqK5g82XUkIiaevY9WYw3IdYGyQDdgTq5t5gC3hG+3xA7w+yPsuwNLHACXA9uKEry4s2KFLa3Z\nt6/rSNwbNAjefBPWr3cdiUjxRao+ygD6Aguw3kSTgc1An/DzE4F5WA+kHcBhoFeEfcF6KY0DygE/\nhe9LkgiF7Ox4yBAoX951NO5VqmQD9h56CN56y3U0IsXj9f4iqj7yoAUL4N57be3l0pFOKwLil19s\nQNvkyTYNhohLmiVVEiYz06pL/u//lBByKlsWUlOti6rOYySZKSlIocyYYcng2mtdR+I9N90EX38N\nb7/tOhKRolP1kUQtPd2qSJ55Bi6/3HU03vTaazB8uC00FKTBfOItqj6ShJg6FerWVUIoyHXXWfKc\nk7uPnkiS8Pq5jEoKHpGeDmeeaYmhVSvX0XjbG29Yb6SPPrLpMEQSTSUFibsXX4TTT1dCiEanTtZV\n97XXXEciUngqKUhEWaWEKVPgkktcR5McFi7MXl9CvbQk0VRSkLiaNg3q1VNCKIy2bW25zhkzXEci\nUjgqKUiB0tPhrLPg+efh0ktdR5NcFiywpTvXr1fbgiSWSgoSN9Onw2mnKSEUxRVXwAknwKxZriMR\niZ5KCpKvjAwrJUyeDJddFnl7Od6cOTZH1Jo1GrcgiaOSgsTFtGlQp44SQnF06mRTg8yb5zoSkeh4\n/dxFJQVHjh61UsKkSZrgrbhmzICRI2H5cpUWJDFUUpCYmzkTqldXKSEWrrsODhyAd95xHYlIZEoK\ncpxQCIYOtdlQdWZbfKVK2Qjnxx5zHYlIZEoKcpy337auqFdd5ToS/+jRAz75BJYudR2JSMGUFOQ4\nQ4faymrqWx87pUtnr0Mh4mVerxxQQ3OCLV9uZ7Xbt0OZMq6j8ZcjR2z+qLlz4fzzXUcjfqaGZomZ\nYcPgwQeVEOKhXDlbxnT4cNeRiORPJQU5ZuNGaNMGdu2ykbgSe99/b6WF1attPimReFBJQWLi8cfh\nnnuUEOKpUiW480546inXkYjkTSUFAeDjj6FJE9i5EypXdh2Nv332GZx9trXbVKvmOhrxI5UUpNie\nfNLOYJUQ4q9WLRvQNm6c60hEjqeSgvDVV7aIzsaNULOm62iCYetWW59i926oUMF1NOI3KilIsYwb\nZ2euSgiJc+aZcPHFtk6FiJeopBBwP/0EdevCkiU2AZ4kzvvvZ48J0ZKdEksqKUiRvfgiNG+uhOBC\ny5Y2Nflrr7mORCSbSgoBlpkJDRvCxImaHtuVuXNtsrwPP9TkgxI7KilIkcydCxUranpslzp0sBXu\nFi1yHYmIUVIIsBEj4IEHdIbqUsmS0L+/LcIj4gVePxyo+ihOVq+Ga6+1wWqa58itI0essX/RIhvU\nJlJcqj6SQhsxAu67TwnBC8qVg7vvVmlBvEElhQDKmtJi9274zW9cRyMAX38N9evDli1w8smuo5Fk\np5KCFMqoUdCrlxKCl1SrBt27a+oLcU8lhYA5cMCmbl671vrIi3ds2watWsGePZqpVoon3iWF9sAW\nYDswIJ9tRoefXws0jnLffsBmYAPwePQhS3FMmmTdIJUQvKdBAxvQNnWq60gkyCJlklLAVqAtsA9Y\nBfTADuZZOgJ9w9ctgFFAywj7tgYeDu+TDlQHvsrj9VVSiKH0dCsl/Pvf1qYg3rNkCfTuDZs3a41s\nKbp4lhSaAzuAPdjB+xWgS65tOgNTwrdXAJWBGhH2/RMwNPw45J0QJMZmzLDGTCUE77r0UhtQOHeu\n60gkqCIlhdrApznu7w0/Fs02tQrYtz5wKfA+kAY0K0zQUnihkK2Z8MADriORgpQoYYPZRoxwHYkE\nVaSkEG3dTWGLKaWBKlg104PAjELuL4W0eLENkurQwXUkEskNN9g62R984DoSCaJIE/buA3I2SdbB\nzvgL2uaU8DZlCth3L/B6+PYqIBM4EfgmdwCpqanHbqekpJCimduKZMQIOwNVPbX3lSlja2WPHAnT\np7uORpJBWloaaWlpMflbkc7wS2ONxW2Az4CVFNzQ3BJ4Onxd0L59sOqlIUADYBFwah6vr4bmGNi0\nCS6/3Lo6/upXrqORaKjrsBRHPBuaM7AD/gJgE/Aq2Qf1PuFt5gG7sEblicBdEfYFeA44HVgPvAzc\nUpTgJTojR9o0CkoIyaNyZbj1Vhg92nUkEjQavOZz+/fbmgnbttmoWUkee/ZA06Z2XbGi62gkmWia\nC8nXuHHQrZsSQjKqWxfatIHJk11HIkGikoKP/fQTnHYaLFtmo2Ul+axYYUl9xw6t4yzRU0lB8jR1\nqk2boISQvFq0gFNOgVmzXEciQaGk4FOZmfDUUxqs5gdZg9lUaJZEUFLwqXnzoEIFmzZBkluXLrbe\nwnvvuY5EgkBJwae0/rJ/lCoF999v05SIxJvXDxlqaC6CNWvs7HLXLi236ReHD1tvpPfes0kNRQqi\nhmb5HyNH2jQJSgj+UaGCTan99NOuIxG/U0nBZ/buhXPPtVJC5cquo5FY+vxzaNTIuqeeeKLraMTL\nVFKQY8aMgVtuUULwo5o14ZprYPx415GIn6mk4COHDkG9erBqlV2L/2zYAO3awe7dmstK8qeSggDw\n/PPQurUSgp+dcw6cdx689JLrSMSvVFLwiaNHrVfKSy/ZKGbxr0WL4N57rdSgLseSF5UUhNmzoUYN\nJYQgaNPG5kGaP991JOJHSgo+kTVYTfyvRAn7X2sdZ4kHJQUfWL4cvvgCunZ1HYkkSvfusGULfPSR\n60jEb5QUfGDkSLjvPpsOQYKhbFno10+lBYk9rzdTqaE5gt274YILbHWuX//adTSSSN99B2ecAevW\n2fTaIlnU0Bxgo0bBHXcoIQRRlSo2UHHMGNeRiJ+opJDEDhyA00/XmWKQ7d4NzZppHWf5XyopBNTE\nidCxoxJCkNWrp3WcJbZUUkhSR47YAWH+fJsAT4JL6zhLbiopBNC0aTbdgRKCtGgBderAzJmuIxE/\nUFJIQpmZ8MQT8NBDriMRr8gazKaCtRSXkkISmjPHGhVTUlxHIl5x9dXWRXXZMteRSLJTUkgyoRA8\n/riVEjQZmmQpVQr699c6zlJ8Xj+sqKE5l2XL4LbbYOtWjWCW//Xjj9b5IC0NGjZ0HY24pIbmABk+\nHP78ZyUEOd4JJ0DfvvYdESkqlRSSyKZNcPnlNmCpfHnX0YgXZU19sXat9UiSYFJJISCefNLOBJUQ\nJD9VqsDtt2uiPCk6lRSSxN69NiZhxw6oWtV1NOJln31my3Zu2wbVqrmORlxQSSEARo2yyc+UECSS\nWrXguus0UZ4UjUoKSeDAAasn/vBDOPVU19FIMti2DS6+2NqfNINu8Kik4HPjx9vEd0oIEq0GDaB1\na3jmGdeRSLJRScHjDh+26bEXL4ZGjVxHI8lkzRro3Bl27oRy5VxHI4mkkoKPTZoErVopIUjhNWkC\nZ59tkyeKRCuapNAe2AJsBwbks83o8PNrgcaF2PcBIBNQ82kejhyxie8GD3YdiSSrgQNtMNvRo64j\nkWQRKSmUAsZiB/dGQA8g9wD6jsBvgfpAb2B8lPvWAdoBHxc9fH974QWbHrtJE9eRSLJKSbGxC7Nn\nu45EkkWkpNAc2AHsAdKBV4AuubbpDEwJ314BVAZqRLHvSECTP+cjPd0mvvvLX1xHIsmsRAkrLQwd\nqmm1JTqRkkJt4NMc9/eGH4tmm1oF7NslfH9dIeMNjJdfhtNOg4such2JJLvOneHnn2HBAteRSDKI\nlBSiPbcoTCt3eeBhYEgR9/e9o0ftzE6lBImFkiXhkUfgr39VaUEii7Si6z6s7j9LHewMv6BtTglv\nUyaffc8A6mKN0lnbf4BVN32ZO4DU1NRjt1NSUkgJwMoyr78OlSrZ5HcisXD99ZCaCosWQbt2rqOR\nWEtLSyMtLS0mfyvSGXppYCvQBvgMWIk1GG/OsU1HoG/4uiXwdPg6mn0BdgNNgW/zeP3AjVMIhaBx\nY3jsMejUyXU04ifTp9tAyKVLtUCT38VznEIGdsBfAGwCXsUO6n3CF4B5wC6sUXkicFeEfXML1lE/\ngrlz7fqqq9zGIf7TvTt89ZUNhBTJj9fPFwJVUgiFoGVLW4T9xhtdRyN+NHUqPPecrc4m/qURzT4x\nb54tqXj99a4jEb+66Sabhn3JEteRiFcpKXhEKASPPmo9RErqvyJxUrq0jZD/299cRyJepcOPR8yZ\nA5mZ0LWr60jE73r2tCm1ly1zHYl4kZKCB2RmwpAhKiVIYpQpAw8/bF1URXLTIcgDZs2yYv3VV7uO\nRILi1lthzx71RJLjqfeRY0eP2qR3w4fbQjoiiTJ9OowbB//9r8Yt+I16HyWx116DihWhQwfXkUjQ\ndO8OBw9arzeRLF4/P/B1SeHoUVsEZcwYTT0gbsyaZW1Za9aoPctPVFJIUi+9BNWrQ9u2riORoOra\n1Rqe//Uv15GIV6ik4MiRI3DWWTBlClx6qetoJMjefhv69YONG63DgyQ/lRSS0IQJcM45SgjiXrt2\nUKMGvPii60jEC1RScOD776FBA5vG+He/cx2NiA1k69kTtm6FcuVcRyPFpZJCknnySettpIQgXtGq\nlXV6mDjRdSTimkoKCfbFF/bjW7PGltsU8Yr1663Tw9atULmy62ikOIpTUlBSSLC77oLy5WHECNeR\niBzvjjusR9ywYa4jkeJQUkgS27fDhRfamdiJJ7qORuR4+/bBueeqJJvs1KaQJAYOhP79lRDEu2rX\nhrvvhr/8xXUk4opKCgmSlga33QabN1v1kYhXHTpkvePefBOaNnUdjRSFSgoed/Qo3H+/TXqnhCBe\nV7GiTX3x5z/b4k8SLEoKCfDCC1ChAtxwg+tIRKJz++2wf7+VFiRYVH0UZwcPwplnwhtvQLNmrqMR\nid6CBdC3L2zYoAFtyUbVRx42dChccYUSgiSfK6+ERo1g5EjXkUgiqaQQR7t3WzJYt856dYgkm127\noHlz+OgjOOUU19FItDROwaOuuQaaNIFHHnEdiUjRPfII7NxpU71LclBS8KC5c63H0bp18KtfuY5G\npOgOH4aGDWHaNM3qmyzUpuAxP/1k89OPHauEIMmvQgWbxLFfP8jIcB2NxJuSQhwMHQoXXGANzCJ+\ncMMNULUqjB/vOhKJN1Ufxdi2bXDRRbB2rRqXxV82b4ZLLtF3Oxmo+sgjQiHr1/3ww/rRiP80bGjz\nIvXr5zoSiSclhRh67TVbL0E/GvGrQYNsLefZs11HIvGi6qMY+eYbW0lt5kybHlvEr9LS4OabLTn8\n5jeuo5G8qEuqB9x8M1SrBk895ToSkfi74w7rlTR6tOtIJC9KCo7NnQv33GNjEipUcB2NSPx9+60t\nKzt7NrRo4ToayU0NzQ59/z388Y/w7LNKCBIcVataqbhXLxuXI/6hkkIx9e4NJUvChAmuIxFJrFAI\nunWDOnW05rjXqPrIkXfesTOlDRvU4CbB9PXXtqbzK69oCgwvSUT1UXtgC7AdGJDPNqPDz68FGkex\n7xPA5vD2rwOVoo7aA777zhLCM88oIUhwVatmpeTbboMffnAdjcRCNJmkFLAVaAvsA1YBPbADepaO\nQN/wdQtgFNAywr7tgHeATGBY+O8MzPXaniwphELQowdUrw5jxriORsS9Xr1sIR5Vo3pDvEsKzYEd\nwB4gHXgF6JJrm87AlPDtFUBloEaEfRdiCSFrn6SZrX36dOtpNHy460hEvOHpp+Gtt2D+fNeRSHFF\nkxRqA5/muL83/Fg029SKYl+A24F5UcTi3J49NiX2Sy9B+fKuoxHxhkqVbC3y22+3Uf2SvEpHsU20\n9TdFbbQeDPwC5LmER2pq6rHbKSkppKSkFPFlii8jA265BR56CM4/31kYIp7UujXceaf9RubPt155\nkhhpaWmkpaXF5G9FcyBvCaRiDcYAg7Bqn8dzbDMBSMOqh8Aali8D6kXY9zbgD0Ab4Oc8XttTbQqD\nB8OqVVZMLlXKdTQi3pORYcmhUycYkF+XFIm7eLcprAbqA3WBskA3YE6ubeYAt4RvtwQOAPsj7Nse\neBBrY8grIXjKW2/BlCm2+pQSgkjeSpe2qtWRI2H5ctfRSFFEU32UgfUsWoD1JpqM9R7qE35+ItYe\n0BFrVD4M9IqwL8AYLFEsDN9fDtxV9LcSP59+ar0rZsyAk05yHY2It9WpY121e/SA1aut26okDw1e\niyA9HS67DLp0UXFYpDAGDrSkMH++lSAkcTSiOY769oWPP4Z//1sNZyKFkZEBHTpAkybw+OORt5fY\nKU5SUP4uwKRJsGgRrFihhCBSWKVLw8sv23rlzZrZOs/ifSop5GPZMrj2Wrtu0MBJCCK+sGYNXHml\nzRV27rmuowkGTZ0dY598AjfeCFOnKiGIFFeTJrYYz9VXw+efu45GIlFSyOX77+3L278/tG8feXsR\niaxHDxvY1rkzHD7sOhopiKqPcvjlF+jYEc48E8aOhRJe/3REkkgoZLOpHjoE//qX2uniSb2PYvJC\nNjz/0CGYOVMD1ETi4cgRa19o3NgGuOnEKz7UphADgwfDjh02GlMJQSQ+ypWDWbOs0fkf/3AdjeRF\nXVKxKbBff916Gp1wgutoRPytShVYsAAuucRu3+XJeQyCK/BJYexYmDgR/vMfDccXSZSaNWHhQlvC\ns3JluOkm1xFJlkAnhWefhSeegCVLoHZeqzyISNzUq2dTYLRtawPdbrzRdUQCAU4KL7wAqamweDHU\nres4GJGAOvtsq0q68ko4etS6ropbgUwKY8daO8KiRVC/vutoRILt3HOtKumKKywx9OzpOqJgC1xS\nGDbM5jRassSKryLi3jnnWI+ktm3hxx+hd2/XEQVXYJJCKAQPPwyzZ1ujstoQRLylYUM7WWvf3qbD\nePRRjWNwwesfeUwGrx05Yovk7N4Nc+ZA9eoxiExE4mL/fptZ4IILYNw4jRsqCg1eK8A330C7djaF\nxbvvKiGIeN3JJ0NaGuzaBV27wsGDriMKFl8nhc2b4aKLoGVLW0qzfHnXEYlINCpWhLlzbWnPCy+0\n2QYkMXybFGbOtIExAwZYTyNNviWSXMqUgX/+E/r1g4svth5KEn++a1PIyLB5jF591WZibNYsTpGJ\nSMIsWQLdu8Of/mS/b7UzFEyzpIbt2QM332zVRC+9pGkrRPzks8/g97+3HknTpkGtWq4j8i41NAPT\np0Pz5tCliw2dV0IQ8ZdatWzAaUoKNG1qPQkl9pK+pPDll3DPPbBunZUOzj8/QZGJiDNLl9qCPRdd\nBKNGQdWqriPylkCWFEIhmDIFfvc766GwerUSgkhQXHKJnQhWrWrHgFmz7JggxZeUJYUtW6xHwjff\n2EynTZo4iExEPOE//4E+fWzamlGjNJ8ZBKik8O23cO+9dpbQoQOsXKmEIBJ0l14Ka9dC69Y2pmHw\nYPjhB9dRJa+kSQpvvAFnnQXp6bBpE/Tvb3Owi4iULQsPPmjJ4eOPoUEDm2BPCi9pqo+2b7c5jM45\nx3FEIuJ5H3xgU9qceqrrSNzQOAURETkmMG0KIiISX0oKIiJyjJKCiIgco6QgIiLHKCmIiMgxSgoi\nInJMNEmhPbAF2A4MyGeb0eHn1wKNo9i3KrAQ2Aa8DVQuVNQiIhIXkZJCKWAsdnBvBPQAGubapiPw\nW6A+0BsYH8W+A7Gk0AB4J3xfCpCWluY6BM/QZ5FNn0U2fRaxESkpNAd2AHuAdOAVoEuubToDU8K3\nV2Bn/TUi7JtznylA1yLGHxj6wmfTZ5FNn0U2fRaxESkp1AY+zXF/b/ixaLapVcC+JwP7w7f3h++L\niIhjkZJCtHNMRDOcukQ+fy9UiNcRERGHWgLzc9wfxPGNzROA7jnub8HO/AvadwtWxQRQM3w/LzvI\nThq66KKLLrpEd9lBnJQGdgJ1gbLAR+Td0DwvfLsl8H4U+w4nO0EMBIbFPHIREYmLDsBWLPMMCj/W\nJ3zJMjb8/FqgSYR9wbqkLkJdUkVEREREJFqpWE+lD8OXDjmeG4QNhNsCXJHwyNyIZvCgn+0B1mHf\nhZXhx4Iy+PE5rHfe+hyPFfTe/fz7yOuzSCWYx4o6wGJgI7ABuCf8uG+/G0OA/nk83ghrlyiDtVPs\nwP/TdJTC3mdd7H3n1abjd7uxL3tOw4GHwrcH4N82qUuwGQJyHgjze+9+/33k9VkE9VhRAzg/fPvX\nWBV9Q2L03fDqB5VXF9cuwMvYQLg92BtrnsCYXIhm8GAQ5P4+BGXw41Lgu1yP5ffe/f77yOuzgGAe\nK77ADvIAPwCbsTFgMflueDUp9MMarSeTXQSqhRUVs+Q1kM5vohk86HchrFPCauAP4ceCPPgxv/ce\nxN8H6FhRFytBrSBG3w1XSWEhVgzMfemMzZ1UDysefQ6MKODvhOIbpnN+f3/RuBj70ncA7saqEXLK\n6pcdRJGO89c4AAABJElEQVTeu98/l6AfK34NzATuBQ7leq7I343SxY+rSNpFud2zwBvh2/uwBpYs\np4Qf87Pc77kO/5vxg+Dz8PVXwCys2Lsfq1f9Ahv8+KWb0JzI770H8feR8/8etGNFGSwhvAjMDj8W\nk++GF6uPaua4fQ3ZDUtzsJHTZbGzg/pk90bxq9XY+6yLve9u2OcQFCcAFcO3K2C9JtZjn8Gt4cdv\nJftHEQT5vfcg/j6CeqwogVWXbQKezvG4b78bU7EuiGuxN5WzvvhhrJFkC3Bl4kNzIr8BgEFQD2tQ\n+wjrepf1/oMy+PFl4DPgF6xtqRcFv3c//z5yfxa3E9xjRSsgE/tdZHXHbU9wvxsiIiIiIiIiIiIi\nIiIiIiIiIiIiIiIiIiIiIuJ1/w8v19+hfyP7rgAAAABJRU5ErkJggg==\n",
       "text": [
        "<matplotlib.figure.Figure at 0x7fa4915c0d90>"
       ]
      }
     ],
     "prompt_number": 16
    },
    {
     "cell_type": "heading",
     "level": 3,
     "metadata": {},
     "source": [
      "6. Which attribute has the largest variance, and which attribute has the smallest variance? Print these values."
     ]
    },
    {
     "cell_type": "code",
     "collapsed": false,
     "input": [
      "attribute_variances = var(arr, axis=0)"
     ],
     "language": "python",
     "metadata": {},
     "outputs": [],
     "prompt_number": 46
    },
    {
     "cell_type": "code",
     "collapsed": false,
     "input": [
      "shape(attribute_variances)"
     ],
     "language": "python",
     "metadata": {},
     "outputs": [
      {
       "metadata": {},
       "output_type": "pyout",
       "prompt_number": 47,
       "text": [
        "(10,)"
       ]
      }
     ],
     "prompt_number": 47
    },
    {
     "cell_type": "code",
     "collapsed": false,
     "input": [
      "attribute_variances"
     ],
     "language": "python",
     "metadata": {},
     "outputs": [
      {
       "metadata": {},
       "output_type": "pyout",
       "prompt_number": 49,
       "text": [
        "array([1794.6865714995756, 336.56008561159615, 0.22333773986794803,\n",
        "       0.03341888966513585, 0.01221199457948649, 3505.173477221857,\n",
        "       2600.8752860087698, 433.75940646470826, 681.363178354275,\n",
        "       5584.54635284141], dtype=object)"
       ]
      }
     ],
     "prompt_number": 49
    },
    {
     "cell_type": "code",
     "collapsed": false,
     "input": [
      "argmax(attribute_variances) # The 10th attribute has the highest variance"
     ],
     "language": "python",
     "metadata": {},
     "outputs": [
      {
       "metadata": {},
       "output_type": "pyout",
       "prompt_number": 48,
       "text": [
        "9"
       ]
      }
     ],
     "prompt_number": 48
    },
    {
     "cell_type": "code",
     "collapsed": false,
     "input": [
      "argmin(attribute_variances) # The 5th has the smallest variance"
     ],
     "language": "python",
     "metadata": {},
     "outputs": [
      {
       "metadata": {},
       "output_type": "pyout",
       "prompt_number": 51,
       "text": [
        "4"
       ]
      }
     ],
     "prompt_number": 51
    },
    {
     "cell_type": "heading",
     "level": 3,
     "metadata": {},
     "source": [
      "6. Which pair of attributes has the largest covariance, and which pair of attributes has the smallest covariance? Print these values."
     ]
    },
    {
     "cell_type": "code",
     "collapsed": false,
     "input": [
      "# We are looking for the samllest and biggest value in the covariance matrix"
     ],
     "language": "python",
     "metadata": {},
     "outputs": [],
     "prompt_number": 52
    },
    {
     "cell_type": "code",
     "collapsed": false,
     "input": [
      "cov."
     ],
     "language": "python",
     "metadata": {},
     "outputs": [
      {
       "metadata": {},
       "output_type": "pyout",
       "prompt_number": 60,
       "text": [
        "dtype('O')"
       ]
      }
     ],
     "prompt_number": 60
    },
    {
     "cell_type": "code",
     "collapsed": false,
     "input": [
      "import pylab as pl\n",
      "data = cov.astype('float') # 25x25 matrix of values\n",
      "pl.pcolor(data)\n",
      "pl.colorbar()\n",
      "pl.plot([5.5, 9.5],[9.5,9.5],'wo')\n",
      "pl.show()"
     ],
     "language": "python",
     "metadata": {},
     "outputs": [
      {
       "metadata": {},
       "output_type": "display_data",
